0 21 25 22 7 16 4 3 26
0 19 28 23 15 18 29 30 5
0 9 2 14 24 13 12 8 1
0 31 10 20 17 27 11 0 6
1 8 13 19 3 29 20 31 1
1 14 17 0 24 16 15 25 30
1 4 12 28 21 6 18 23 26
1 5 7 10 27 11 2 22 9
2 24 26 30 1 5 28 22 6
2 19 27 18 16 2 15 4 25
2 23 7 8 31 29 11 3 17
2 14 20 21 13 10 0 9 12
3 26 2 13 4 12 27 24 16
3 3 31 1 23 0 7 30 5
3 18 6 20 29 9 22 15 14
3 19 8 21 25 10 17 28 11
4 15 27 1 22 31 14 13 3
4 21 18 30 12 2 5 0 19
4 4 6 10 20 9 11 24 26
4 8 7 29 17 28 16 23 25
5 4 3 6 2 16 9 24 20
5 0 17 22 30 13 8 10 28
5 31 25 18 7 14 26 21 5
5 12 15 27 23 1 11 19 29
6 4 21 18 1 3 13 0 5
6 26 22 8 20 28 29 2 27
6 25 17 10 31 12 16 9 14
6 11 19 30 24 6 15 7 23
7 16 23 6 13 0 22 24 14
7 3 17 25 29 2 12 10 27
7 9 30 4 7 28 11 5 18
7 1 8 31 26 21 15 20 19
8 5 4 22 20 8 24 26 1
8 3 0 28 10 30 17 27 18
8 25 13 7 11 29 9 31 19
8 6 23 2 14 15 12 16 21
9 8 24 21 4 29 17 31 12
9 22 9 13 0 16 10 25 2
9 14 26 11 1 5 28 15 18
9 19 7 30 20 3 27 6 23
10 17 9 29 25 10 21 6 23
10 5 14 16 11 30 13 3 20
10 1 22 31 27 28 24 15 18
10 19 0 26 4 12 7 2 8
11 28 10 8 19 18 23 0 26
11 3 17 29 14 11 9 15 24
11 2 4 31 12 5 21 20 1
11 7 30 25 22 6 13 27 16
12 22 5 17 14 4 24 10 31
12 19 2 3 21 0 8 26 30
12 27 18 28 11 12 1 25 20
12 16 6 15 13 9 23 7 29
13 27 18 25 9 7 4 1 19
13 26 14 29 16 11 20 21 8
13 2 23 28 5 3 13 17 30
13 31 15 12 0 6 22 24 10
14 24 3 4 18 12 28 16 8
14 11 23 10 5 26 15 27 25
14 20 6 14 22 1 29 9 31
14 17 2 7 19 13 0 30 21
15 7 26 2 15 19 6 10 4
15 22 5 20 14 27 18 11 3
15 17 23 29 25 1 12 8 24
15 28 0 9 31 30 21 13 16
16 5 13 19 8 0 25 28 26
16 11 3 16 2 17 7 15 10
16 14 24 18 21 22 31 12 27
16 23 20 1 4 30 29 9 6
17 26 3 1 4 23 28 9 8
17 7 31 22 25 19 0 29 15
17 20 10 11 2 14 27 17 6
17 30 21 24 16 13 18 5 12
18 7 24 31 13 16 22 26 14
18 4 30 19 3 25 17 29 28
18 2 6 18 11 15 0 12 21
18 1 23 8 9 27 10 20 5
19 1 26 31 5 9 28 0 21
19 2 20 6 19 18 12 11 15
19 14 3 17 23 10 24 13 30
19 8 16 25 7 4 29 27 22
20 6 21 31 3 4 17 19 25
20 14 18 22 2 7 0 20 9
20 15 12 28 8 24 10 29 23
20 16 1 11 30 13 26 27 5
21 7 28 13 11 27 2 5 10
21 31 6 4 15 24 29 25 9
21 8 23 18 1 12 16 17 14
21 21 0 3 19 26 20 22 30
22 16 3 12 13 25 9 26 23
22 8 7 10 1 18 6 20 29
22 5 24 14 17 19 4 30 27
22 15 31 21 0 28 22 2 11
23 6 27 8 16 10 30 1 26
0 6 17 9 0 13 5 1 31
1 8 19 25 13 30 20 28 27
2 18 26 28 24 15 8 25 4
3 30 2 0 21 12 6 24 22
4 26 18 12 7 16 8 25 14
5 8 20 24 13 21 29 12 15
6 21 2 15 12 5 19 14 27
7 14 16 17 4 25 3 13 28
8 15 8 0 25 7 9 17 5
9 17 21 20 6 27 9 18 8
10 6 17 11 22 27 14 25 31
11 7 20 17 16 9 6 13 30
12 18 0 6 13 28 1 16 2
13 20 15 21 7 8 28 24 16
14 28 11 6 20 17 26 15 25
15 29 23 11 3 8 27 0 21
16 4 14 8 9 23 15 6 20
17 15 21 27 6 16 22 13 20
18 31 13 5 23 8 22 12 18
19 18 24 19 29 6 4 22 13
20 28 15 13 1 16 21 6 8
21 25 21 4 2 19 26 18 31
22 3 19 21 15 11 24 9 31
23 16 27 18 31 0 6 19 2
0 21 2 28 7 25 0 31 26
1 8 13 19 1 25 23 3 4
2 5 26 1 24 22 18 31 28
3 2 16 1 12 24 7 18 15
4 31 15 21 12 27 30 14 3
5 8 22 24 21 11 18 20 3
6 21 15 12 27 23 16 4 5
7 16 29 13 14 4 15 17 3
8 4 8 6 9 21 17 15 0
9 17 28 21 20 6 27 29 24
10 6 11 17 25 21 0 10 14
11 16 19 7 17 20 9 25 15
12 18 0 2 6 28 7 23 16
13 30 28 15 20 21 7 4 6
14 10 6 17 28 20 5 15 26
15 27 29 3 11 8 2 12 23
16 4 14 9 22 15 8 30 1
17 5 20 16 28 24 15 13 18
18 27 8 18 20 5 14 12 16
19 6 10 7 13 18 19 14 31
20 20 15 1 7 0 21 2 8
21 11 31 23 1 22 30 10 2
22 9 25 22 16 29 3 28 2
23 22 10 23 21 16 2 27 12
0 16 30 8 5 4 31 25 0
1 8 1 19 13 21 20 30 25
2 28 5 26 24 31 18 17 1
3 2 1 30 16 12 13 3 24
4 15 26 11 14 5 30 12 23
5 5 10 8 21 24 13 17 19
6 27 12 21 16 20 5 10 11
7 28 29 13 16 4 7 15 14
8 4 8 21 9 7 6 15 10
9 20 21 17 6 16 26 27 7
10 17 6 10 11 19 25 28 5
11 19 20 17 16 7 25 4 12
12 2 23 18 6 16 1 26 31
13 28 30 15 6 31 24 19 14
14 10 20 30 17 6 21 5 29
15 27 8 2 29 12 5 24 0
16 22 9 30 1 15 14 4 6
17 16 5 20 15 24 13 27 29
18 15 23 8 18 20 26 5 16
19 19 6 7 10 25 4 14 13
20 18 28 1 12 13 9 21 8
21 29 19 4 21 31 28 2 0
22 9 25 15 0 19 31 3 21
23 2 16 18 10 6 19 31 0
0 28 21 31 2 0 25 13 6
1 8 19 13 25 14 23 1 30
2 22 26 20 0 5 24 1 18
3 2 16 18 30 9 10 20 22
4 30 21 11 19 26 23 31 14
5 14 17 27 8 10 24 5 11
6 27 0 12 21 23 20 10 11
7 15 13 29 23 4 27 16 7
8 6 4 9 10 8 15 19 21
9 28 17 21 24 6 20 27 26
10 6 25 17 10 0 11 28 3
11 19 15 16 20 17 12 7 25
12 15 27 23 26 9 2 16 18
13 1 28 30 12 14 6 31 24
14 10 30 5 21 17 6 20 19
15 8 5 24 12 27 2 10 21
16 28 30 1 6 22 8 15 11
17 3 29 13 16 20 27 14 26
18 16 14 1 18 5 23 8 20
19 2 4 11 14 7 27 23 24
20 13 27 9 12 24 1 8 19
21 30 19 4 0 16 26 17 21
22 31 15 24 22 29 11 19 4
23 16 18 31 0 2 24 5 29
0 3 27 23 22 10 12 29 14
1 8 19 13 31 14 29 6 2
2 24 26 23 1 30 11 27 19
3 26 27 28 29 13 31 4 3
4 22 9 1 29 13 4 6 20
5 9 6 16 30 26 22 19 14
6 9 17 7 29 1 30 20 28
7 15 30 0 10 6 12 21 11
8 26 9 14 20 28 13 5 15
9 15 7 20 9 25 28 14 2
10 9 5 13 12 3 15 14 26
11 0 22 11 25 5 31 13 24
12 27 19 3 24 17 26 11 30
13 0 18 13 28 26 2 31 3
14 16 10 12 25 23 4 7 9
15 10 7 18 28 2 25 14 13
16 26 8 28 19 7 2 25 17
17 0 19 13 3 25 29 23 27
18 3 1 16 14 23 18 4 5
19 21 2 12 11 4 30 14 15
20 25 27 13 12 24 8 23 9
21 4 19 16 26 0 17 21 14
22 11 24 29 8 15 19 31 28
23 16 18 5 31 2 0 1 24
0 17 15 4 6 31 25 9 0
1 8 19 13 30 25 20 3 28
2 26 18 28 15 24 8 2 5
3 22 2 0 30 3 21 6 28
4 18 21 12 7 26 27 19 3
5 7 20 23 8 24 12 5 13
6 21 8 2 12 6 5 20 16
7 17 15 25 16 4 3 13 14
8 8 15 0 17 11 7 9 5
9 17 21 8 30 9 18 20 7
10 6 4 22 7 9 27 11 28
11 17 7 2 20 19 13 27 16
12 20 31 8 0 6 28 18 16
13 8 28 21 24 15 20 10 18
14 11 28 14 5 6 27 10 8
15 29 23 11 21 4 3 0 8
16 29 15 14 6 22 9 20 8
17 9 11 17 12 15 16 13 28
18 13 24 8 20 18 12 23 5
19 29 7 10 24 14 13 2 4
20 9 16 1 13 7 27 12 20
21 30 29 0 26 17 4 19 16
22 22 31 29 24 25 9 15 21
23 16 2 6 18 24 31 10 0
0 27 22 19 3 31 23 24 10
1 8 19 13 31 14 29 6 3
2 24 26 1 30 23 27 5 11
3 26 23 27 13 4 31 21 28
4 29 6 25 1 20 22 17 2
5 18 16 30 9 22 14 26 21
6 16 20 7 29 17 9 31 24
7 10 30 15 0 25 24 6 11
8 26 9 28 14 20 13 31 5
9 15 7 26 25 20 28 9 22
10 5 13 15 28 10 3 9 24
11 0 25 11 22 5 24 23 13
12 3 19 24 20 17 11 22 26
13 0 28 26 13 14 31 3 2
14 16 9 12 4 23 10 31 21
15 10 30 18 13 25 14 2 31
16 26 19 7 8 2 28 3 17
17 3 13 19 0 29 27 4 23
18 16 3 1 14 23 26 5 4
19 12 2 21 11 4 14 28 30
20 25 13 27 12 8 31 24 21
21 4 19 16 17 24 26 21 0
22 11 15 24 29 8 4 19 31
23 16 18 31 5 0 2 1 30
0 6 1 9 31 13 17 7 0
1 8 19 30 13 25 21 18 11
2 8 26 11 24 28 18 2 19
3 30 2 21 0 26 4 22 18
4 18 26 14 25 7 8 12 6
5 7 20 24 17 3 8 15 31
6 14 13 21 16 8 2 11 6
7 17 5 21 10 3 4 13 0
8 17 8 0 9 15 30 28 31
9 0 17 15 28 20 1 25 21
10 9 7 26 5 30 14 4 3
11 0 31 6 22 18 23 25 13
12 20 19 31 8 13 2 27 11
13 16 0 28 31 10 13 12 24
14 16 12 27 7 14 10 23 13
15 10 18 28 0 17 30 23 1
16 26 17 8 0 18 15 25 29
17 0 11 13 10 3 8 25 31
18 3 1 26 4 25 15 14 11
19 12 2 21 28 14 5 26 15
20 25 9 29 24 21 31 8 23
21 8 16 19 24 17 2 6 5
22 23 8 4 31 29 10 28 26
23 4 1 26 6 16 5 24 12
0 24 3 10 22 27 19 12 29
1 8 19 13 29 14 2 21 31
2 30 24 26 28 23 19 2 11
3 13 31 26 11 23 27 28 4
4 22 6 1 3 9 29 13 20
5 7 17 16 3 12 28 15 23
6 8 29 7 2 17 11 9 18
7 10 0 11 30 21 24 12 6
8 26 14 9 28 13 20 31 5
9 7 15 25 4 31 11 22 26
10 13 5 15 28 3 1 24 16
11 5 23 22 11 0 1 14 24
12 17 11 19 3 24 30 20 26
13 0 26 3 11 2 28 13 31
14 9 0 16 31 12 4 7 23
15 13 31 25 9 30 10 18 14
16 7 26 19 2 3 17 18 8
17 0 25 23 4 8 28 11 3
18 4 19 3 25 17 26 2 28
19 28 12 30 5 9 20 2 15
20 10 25 31 21 17 29 26 23
21 6 9 2 24 5 11 4 13
22 11 16 12 5 8 20 9 6
23 1 26 9 8 30 11 5 17
0 8 31 11 14 15 13 29 10
1 8 19 13 6 18 11 1 2
2 26 24 30 11 27 28 7 2
3 13 4 3 5 11 23 31 26
4 18 22 1 13 9 4 3 25
5 7 16 17 18 9 12 3 1
6 7 16 2 29 17 31 9 20
7 10 15 0 30 24 26 11 23
8 26 9 28 14 20 13 5 31
9 7 15 26 20 25 28 9 10
10 13 5 28 15 3 9 10 19
11 25 0 22 24 23 11 13 30
12 3 19 24 27 20 26 11 17
13 28 0 13 26 14 1 18 31
14 16 5 9 7 4 10 21 25
15 7 10 2 12 30 13 24 5
16 26 8 28 30 25 19 1 23
17 19 13 29 3 27 26 0 30
18 16 14 23 1 5 18 3 21
19 2 4 11 14 12 27 24 15
20 27 13 12 24 9 8 19 1
21 4 19 16 26 0 17 21 30
22 11 24 15 29 8 19 31 4
23 16 18 31 5 0 2 24 1
0 26 27 22 23 19 3 31 10
1 8 19 13 14 31 6 29 3
2 24 23 30 26 1 28 5 31
3 26 27 4 6 31 23 28 29
4 3 22 29 1 6 20 4 17
5 7 23 16 30 12 24 9 31
6 8 17 29 7 9 30 3 21
7 15 0 6 12 30 2 24 11
8 26 9 14 21 28 5 2 31
9 28 15 14 7 25 10 20 2
10 13 25 5 15 9 3 26 14
11 22 0 25 15 31 26 30 11
12 19 3 11 22 27 17 30 26
13 13 28 0 26 14 2 1 12
14 16 9 12 31 7 10 5 25
15 10 18 7 25 28 2 13 12
16 26 8 28 19 25 2 30 0
17 13 19 26 29 0 3 23 27
18 14 16 1 23 3 5 25 4
19 2 12 14 11 4 24 21 5
20 13 27 22 24 12 25 8 9
21 4 16 19 26 0 17 21 2
22 11 24 16 29 15 8 19 28
23 16 18 5 31 2 0 1 24
0 31 26 27 19 23 3 22 10
1 8 19 13 29 14 31 2 6
2 26 24 15 6 31 30 23 19
3 31 26 13 28 27 4 6 14
4 3 27 1 28 22 29 6 20
5 12 7 16 30 23 24 26 6
6 7 29 17 8 28 9 31 30
7 15 12 0 24 11 6 9 10
8 26 9 14 2 31 21 5 30
9 14 25 29 15 31 23 28 2
10 13 18 1 3 24 25 15 23
11 22 5 14 8 30 31 11 29
12 11 22 17 3 19 30 4 24
13 13 30 3 28 11 26 2 14
14 16 9 4 31 0 7 12 20
15 13 25 31 9 10 14 17 27
16 3 7 8 2 19 31 25 26
17 4 8 23 11 31 28 18 25
18 17 27 2 31 12 25 8 5
19 20 13 5 28 1 6 15 14
20 17 0 20 26 23 7 8 31
21 5 2 25 31 29 9 23 10
22 25 26 20 11 9 12 3 29
23 1 10 8 21 23 26 6 12
0 16 22 23 3 24 14 29 7
1 8 19 13 31 3 14 1 29
2 28 26 24 30 1 27 18 5
3 2 13 16 3 29 30 26 18
4 25 26 15 21 11 1 14 18
5 8 24 13 20 29 15 3 16
6 21 6 28 15 5 20 16 12
7 15 3 16 28 17 4 25 29
8 8 9 0 17 26 3 20 15
9 17 21 16 29 9 30 20 28
10 6 11 27 22 3 18 13 10
11 17 7 20 16 9 22 30 25
12 6 2 16 0 18 7 9 13
13 28 13 31 6 22 30 1 20
14 27 30 14 17 13 10 7 20
15 8 21 29 23 5 12 22 2
16 23 8 6 22 30 14 0 1
17 15 27 21 17 5 13 29 6
18 23 13 5 29 31 30 18 22
19 1 19 24 4 26 25 14 29
20 28 8 1 18 16 6 13 21
21 18 21 4 29 2 0 26 25
22 11 15 21 3 24 19 4 31
23 19 12 27 18 16 2 31 0
0 3 23 27 24 12 10 22 18
1 8 19 13 29 31 14 2 1
2 24 26 1 17 5 28 30 22
3 26 27 13 31 8 2 3 1
4 5 3 1 15 22 30 2 28
5 30 22 26 27 24 18 16 14
6 30 0 25 24 17 9 16 5
7 24 12 9 6 11 0 21 22
8 26 9 14 29 27 31 5 3
9 14 28 1 0 25 31 2 23
10 30 26 16 13 1 24 3 6
11 31 29 3 14 8 22 18 5
12 30 11 17 19 3 5 22 21
13 13 5 2 26 3 30 28 11
14 7 2 31 9 16 0 12 25
15 28 10 9 13 18 31 25 1
16 8 2 17 3 25 0 7 31
17 23 25 4 11 10 27 8 28
18 2 4 25 27 11 17 23 3
19 1 20 5 26 13 28 15 14
20 29 8 3 31 17 22 20 0
21 10 5 18 2 6 29 25 9
22 7 26 20 9 12 3 25 8
23 12 1 11 26 28 10 30 21
0 17 6 9 13 31 25 0 1
1 8 19 25 13 30 28 20 27
2 18 26 28 24 25 4 29 15
3 30 0 2 21 6 7 5 18
4 26 18 7 12 8 16 4 14
5 8 20 24 13 29 12 10 21
6 21 2 5 19 14 6 15 16
7 17 4 16 25 14 3 13 28
8 8 15 0 25 29 9 5 17
9 17 21 8 20 22 27 9 29
10 6 11 22 27 4 14 28 17
11 16 17 7 20 13 6 9 30
12 0 18 28 6 13 16 7 20
13 21 20 7 15 16 8 24 10
14 28 11 20 6 15 26 17 18
15 29 23 3 11 20 8 15 0
16 14 23 4 8 20 25 10 6
17 15 22 21 6 20 27 16 13
18 31 13 5 8 12 23 22 24
19 1 18 6 29 19 24 13 22
20 6 15 28 1 16 20 13 8
21 25 21 8 4 31 13 29 19
22 13 3 21 19 15 9 11 24
23 27 18 12 16 31 0 19 10
0 21 2 7 31 22 19 27 3
1 8 13 19 1 25 23 4 31
2 5 26 24 31 1 22 18 25
3 1 16 2 12 24 7 18 27
4 10 3 27 12 21 5 26 2
5 11 22 8 24 18 20 30 26
6 21 12 15 10 4 23 25 5
7 16 29 14 13 4 17 26 3
8 8 29 6 7 17 9 0 15
9 17 29 28 21 12 6 22 20
10 6 11 17 22 27 21 25 28
11 19 20 17 16 7 13 23 27
12 28 0 6 18 16 29 23 7
13 21 30 28 15 10 20 24 8
14 28 20 29 10 21 6 17 11
15 27 3 11 0 29 23 12 8
16 9 14 15 8 22 4 30 1
17 11 20 24 16 28 15 31 17
18 27 12 8 5 20 13 25 23
19 13 7 10 14 29 20 6 27
20 20 7 16 0 8 11 2 24
21 31 23 30 1 17 19 22 2
22 9 25 22 29 28 3 4 31
23 21 10 23 22 2 16 1 30
0 31 2 22 27 23 3 10 20
1 8 19 14 13 29 31 6 1
2 1 28 24 26 27 23 7 11
3 2 16 27 26 13 1 29 20
4 14 6 11 2 28 23 12 26
5 24 3 13 21 8 30 4 5
6 21 24 12 20 0 27 5 16
7 27 1 7 0 6 16 13 18
8 26 9 8 29 31 10 14 4
9 25 0 15 22 11 27 17 9
10 13 28 6 10 3 19 30 17
11 25 31 12 20 24 30 17 13
12 26 24 2 16 6 19 7 29
13 28 31 10 6 14 30 24 4
14 10 21 23 29 6 5 19 1
15 26 10 0 18 28 12 27 2
16 12 17 15 31 9 5 0 26
17 25 28 11 31 24 23 20 18
18 4 27 19 9 25 12 20 15
19 13 0 14 21 12 9 2 26
20 22 9 14 18 11 8 24 19
21 24 27 22 15 6 10 23 4
22 14 0 2 17 16 18 5 9
23 25 17 9 14 15 29 13 30
0 11 8 14 24 5 29 12 10
1 8 19 13 1 2 27 15 21
2 26 28 24 1 27 30 5 7
3 2 13 16 20 5 3 29 26
4 15 3 11 6 29 1 20 22
5 16 3 13 8 24 21 4 11
6 27 12 31 21 20 7 0 16
7 27 0 1 24 18 6 7 29
8 26 29 18 9 13 5 31 14
9 27 15 25 16 7 10 26 22
10 13 10 19 28 5 15 17 3
11 12 4 25 16 24 11 22 20
12 16 26 9 24 2 3 6 19
13 28 19 14 6 10 31 17 24
14 10 29 21 19 5 23 6 4
15 2 26 12 0 24 5 20 14
16 31 22 30 15 1 9 25 6
17 20 18 24 29 28 11 13 14
18 17 30 15 8 20 3 12 21
19 26 14 15 28 25 13 30 20
20 0 9 18 19 2 17 23 1
21 2 5 29 25 30 24 19 13
22 20 26 31 0 19 9 22 3
23 6 2 1 16 10 8 26 30
0 25 4 31 2 17 15 7 30
1 8 19 3 13 1 20 30 21
2 22 26 7 24 18 28 31 12
3 2 0 22 14 6 16 30 11
4 30 31 11 14 2 7 21 26
5 2 7 25 8 1 31 24 28
6 20 21 6 12 0 11 14 13
7 27 1 28 3 22 18 7 16
8 10 26 6 9 29 13 8 31
9 29 30 16 25 22 9 27 7
10 13 19 10 28 27 15 6 3
11 16 12 4 25 7 17 30 24
12 25 12 16 9 6 26 2 23
13 28 19 25 5 6 9 14 24
14 30 10 27 29 19 5 21 17
15 21 8 5 24 12 2 29 20
16 25 22 30 6 31 1 15 9
17 29 27 14 20 1 17 15 26
18 17 30 21 23 18 7 16 8
19 14 25 4 15 3 24 7 11
20 18 28 9 13 8 19 1 12
21 21 19 18 0 17 30 14 26
22 19 21 4 0 30 15 24 31
23 19 2 16 18 31 0 12 24
0 28 21 0 31 2 25 13 6
1 8 19 25 13 14 23 1 30
2 22 26 20 24 0 5 7 1
3 2 18 22 16 20 10 30 9
4 30 21 11 19 26 12 2 23
5 0 31 28 22 8 24 2 1
6 26 23 0 21 20 13 12 16
7 15 13 18 22 27 21 16 29
8 10 6 29 11 25 9 26 31
9 28 30 6 29 22 25 9 4
10 13 25 28 19 10 29 0 3
11 12 16 25 15 19 13 7 1
12 25 27 12 15 26 9 16 1
13 9 14 28 1 6 5 25 12
14 19 5 30 10 21 29 27 17
15 8 21 5 12 24 20 0 22
16 25 30 28 6 1 22 15 31
17 3 20 29 26 14 27 13 16
18 16 14 1 18 23 17 8 20
19 14 2 4 15 7 11 27 24
20 27 13 9 19 12 8 24 1
21 30 19 0 16 17 26 21 20
22 4 31 24 22 29 30 15 19
23 16 18 2 31 0 24 29 5
0 26 19 31 27 3 22 2 23
1 8 19 13 31 14 29 6 3
2 24 30 26 23 5 1 4 28
3 26 4 28 31 29 16 27 18
4 29 20 6 25 22 1 3 21
5 9 0 16 6 30 22 24 28
6 9 23 7 20 29 17 30 26
7 6 0 15 30 21 18 13 8
8 26 29 9 15 14 31 20 22
9 28 15 18 25 22 1 7 2
10 13 5 9 7 15 25 28 10
11 0 22 15 25 30 21 12 27
12 27 19 3 26 22 17 11 15
13 9 5 14 28 12 0 1 13
14 12 5 16 10 23 19 9 30
15 12 2 10 18 5 24 7 8
16 25 26 28 30 1 0 15 19
17 19 29 13 20 3 27 26 0
18 16 14 1 23 18 3 5 21
19 14 2 4 11 12 27 15 30
20 27 13 12 8 25 24 9 19
21 19 16 0 17 30 20 26 14
22 4 30 24 19 29 15 31 8
23 16 18 5 31 2 0 24 25
0 31 2 25 30 27 19 22 0
1 8 19 14 29 13 6 31 28
2 24 23 26 1 28 31 19 22
3 27 26 28 1 2 31 8 13
4 14 8 6 10 28 3 2 30
5 9 7 30 17 24 12 16 26
6 9 24 11 30 17 29 3 21
7 6 21 0 15 30 5 18 26
8 29 26 1 31 14 10 9 6
9 1 25 15 22 23 29 2 0
10 13 26 7 30 23 3 1 18
11 22 31 29 8 18 21 0 5
12 30 11 22 17 19 3 31 24
13 5 13 2 26 3 9 11 28
14 12 9 31 16 0 7 2 4
15 17 25 10 9 28 18 31 13
16 17 25 12 18 2 0 19 7
17 25 31 23 26 10 8 13 1
18 9 19 4 25 16 21 10 20
19 0 9 2 14 27 12 3 30
20 30 11 9 8 29 27 24 10
21 27 15 22 4 20 24 6 8
22 14 17 6 0 12 2 5 4
23 9 13 17 29 30 20 7 3
0 11 14 12 10 8 24 29 18
1 8 19 13 28 2 29 27 16
2 24 26 23 30 1 28 12 10
3 31 26 27 28 13 29 4 14
4 27 1 29 22 13 28 20 18
5 16 9 7 26 17 30 12 24
6 9 7 29 17 28 11 20 30
7 6 0 15 18 12 9 11 24
8 26 14 9 2 1 29 23 10
9 29 25 31 1 15 23 22 2
10 13 1 18 24 15 23 5 26
11 22 8 14 5 11 0 30 29
12 22 11 3 17 19 30 24 21
13 11 3 26 5 13 28 14 2
14 9 4 0 31 16 12 23 7
15 13 25 31 9 14 10 17 20
16 7 3 25 19 2 18 26 31
17 4 8 23 18 28 1 10 3
18 17 2 31 27 25 28 19 3
19 20 5 28 15 13 30 14 10
20 0 17 23 20 26 21 29 11
21 5 2 25 9 29 19 31 1
22 20 26 25 9 19 31 28 4
23 1 10 8 6 23 26 21 16
0 23 22 3 29 10 12 24 16
1 8 19 13 29 31 14 6 1
2 28 24 26 1 27 23 22 30
3 26 27 13 31 2 28 6 22
4 29 22 2 1 6 4 28 15
5 24 16 30 9 26 22 29 8
6 20 21 24 29 28 17 7 9
7 6 10 0 21 7 27 11 1
8 26 2 29 14 31 9 13 28
9 1 15 25 7 2 14 22 29
10 29 13 7 0 26 15 5 30
11 31 12 25 0 11 24 21 5
12 2 3 19 24 26 11 25 12
13 28 9 31 0 14 5 2 6
14 16 10 12 23 4 7 9 1
15 10 26 18 28 2 12 14 25
16 17 26 12 31 19 15 7 25
17 25 10 2 0 28 23 8 4
18 19 4 3 11 15 17 25 28
19 6 28 9 12 30 0 31 20
20 31 4 26 10 18 8 0 30
21 24 6 9 2 5 10 19 4
22 5 20 11 7 12 26 8 9
23 25 8 17 11 1 9 26 14
0 11 8 14 29 24 12 10 3
1 8 19 13 1 11 5 6 29
2 26 24 22 30 10 28 27 2
3 13 3 2 20 4 5 26 16
4 11 22 1 13 15 4 31 30
5 24 8 16 20 12 22 31 30
6 21 20 7 29 31 16 6 17
7 6 0 27 10 1 15 3 21
8 13 26 10 8 29 6 9 20
9 16 7 25 15 4 17 2 30
10 10 27 29 19 0 15 6 28
11 12 25 4 1 17 16 7 20
12 25 2 6 16 9 26 12 19
13 28 5 9 19 6 14 22 24
14 10 19 29 5 23 21 4 30
15 2 12 24 21 5 26 10 14
16 22 31 30 1 15 25 26 23
17 20 28 0 18 26 14 29 8
18 17 3 30 7 15 28 31 8
19 14 26 28 30 31 15 25 13
20 0 18 23 9 17 8 11 21
21 2 5 29 25 19 24 9 13
22 26 20 19 31 9 3 4 28
23 6 8 1 10 26 2 16 12
0 25 4 17 0 15 16 21 7
1 8 19 13 3 20 1 30 31
2 22 30 26 28 18 24 5 1
3 2 0 22 5 16 14 13 30
4 30 31 14 21 11 1 16 12
5 7 31 8 2 12 24 25 5
6 21 6 20 11 16 28 23 9
7 3 28 27 16 1 6 23 15
8 6 11 13 8 26 29 9 31
9 30 16 6 4 25 7 18 22
10 27 0 19 10 15 25 29 22
11 16 7 1 12 4 25 17 24
12 12 25 9 23 16 6 26 2
13 28 5 19 9 6 14 24 13
14 30 19 10 5 27 29 21 17
15 2 21 5 12 24 8 10 29
16 22 30 6 25 1 31 28 15
17 20 29 27 14 26 17 15 13
18 23 7 30 21 18 17 14 16
19 14 25 4 11 24 27 15 3
20 18 13 8 28 19 1 12 24
21 19 21 0 30 26 13 17 18
22 19 24 21 31 4 15 30 22
23 2 16 19 18 31 0 24 5
0 22 23 3 10 24 29 14 12
1 8 19 13 29 31 3 14 6
2 24 26 1 27 30 11 23 28
3 13 26 2 20 5 31 16 27
4 15 6 1 29 22 4 21 11
5 30 16 22 27 9 0 26 24
6 9 29 17 7 24 0 21 25
7 6 21 2 8 0 7 9 10
8 26 14 31 9 13 28 29 23
9 4 25 15 2 14 7 10 28
10 7 29 15 9 26 5 13 24
11 0 21 2 31 11 5 15 25
12 19 3 27 11 30 17 24 26
13 9 28 0 14 26 2 3 5
14 12 16 23 10 4 9 31 7
15 10 7 18 28 25 2 14 13
16 26 25 28 19 27 30 0 7
17 26 19 0 20 29 8 27 23
18 3 23 1 14 16 21 22 18
19 14 2 11 30 4 26 25 12
20 13 27 24 8 12 1 25 18
21 19 16 0 20 26 2 17 21
22 4 24 30 8 19 15 28 31
23 5 16 2 18 1 31 24 25
0 31 2 20 30 25 19 27 6
1 8 14 19 13 29 6 31 30
2 24 26 28 1 3 23 31 30
3 27 26 1 2 28 22 11 13
4 8 3 10 6 28 30 14 26
5 23 31 2 7 30 12 24 19
6 1 22 24 9 8 18 17 30
7 6 2 21 8 5 10 30 11
8 28 14 31 9 29 26 23 10
9 25 4 2 15 0 14 8 31
10 7 30 26 1 13 18 24 9
11 31 0 1 29 5 22 21 14
12 11 30 17 19 3 8 24 15
13 9 2 26 3 28 5 11 0
14 12 16 31 9 0 7 4 2
15 17 25 10 18 9 28 31 13
16 17 12 25 2 26 0 7 19
17 25 31 23 26 11 8 10 4
18 19 4 9 25 16 21 6 27
19 0 14 2 9 29 27 12 13
20 11 8 24 27 29 9 10 14
21 27 15 24 6 1 4 8 19
22 14 6 20 0 2 31 12 5
23 29 13 17 9 7 3 25 30
0 11 14 10 29 12 24 8 3
1 8 19 13 2 21 27 15 1
2 24 26 30 3 23 1 28 19
3 13 31 27 26 28 4 6 11
4 1 22 4 18 13 29 3 27
5 18 23 16 2 30 31 7 9
6 9 1 29 17 22 7 28 30
7 6 9 15 11 2 0 12 21
8 26 14 9 31 2 28 13 23
9 25 4 29 31 14 15 2 23
10 13 7 15 1 24 18 23 30
11 0 5 11 21 14 25 8 29
12 11 22 3 17 19 30 21 24
13 9 3 11 26 28 14 5 2
14 12 4 9 0 16 31 7 23
15 13 25 9 31 14 10 17 20
16 7 25 3 2 19 26 31 18
17 8 4 23 0 28 18 10 11
18 17 2 28 31 19 27 3 30
19 20 28 5 30 15 14 13 10
20 0 17 23 26 20 11 8 31
21 9 25 5 2 19 1 13 23
22 26 20 19 25 9 30 3 31
23 8 1 26 10 6 23 16 21
0 17 4 31 15 25 9 6 13
1 8 19 13 25 20 30 3 28
2 18 26 28 24 15 8 0 22
3 2 22 0 30 21 3 16 9
4 18 7 21 12 27 26 19 30
5 8 20 24 15 13 10 29 19
6 21 6 15 19 2 5 16 13
7 3 16 17 25 13 15 14 4
8 8 11 17 7 15 0 9 6
9 17 18 21 30 6 8 9 27
10 4 22 6 27 11 28 17 0
11 7 16 17 2 1 20 13 27
12 20 28 9 0 6 16 1 8
13 8 9 28 24 25 21 5 14
14 11 14 27 13 28 5 8 10
15 23 29 21 11 8 3 5 22
16 6 29 14 22 20 25 30 15
17 20 17 26 27 21 15 11 29
18 23 13 18 31 8 21 20 14
19 14 29 4 24 25 11 13 7
20 13 27 16 8 12 1 24 18
21 19 0 30 21 2 20 16 17
22 30 22 24 31 19 15 4 9
23 2 16 18 31 0 24 10 19
0 28 21 31 2 0 25 13 19
1 8 19 13 25 14 23 1 30
2 22 26 20 0 24 5 1 18
3 16 2 22 18 9 10 20 30
4 30 21 19 11 12 26 2 8
5 18 8 24 11 22 31 3 0
6 16 13 21 23 15 0 4 26
7 13 15 16 3 7 17 29 27
8 11 6 8 30 10 1 7 17
9 28 18 4 6 30 17 25 8
10 4 25 29 0 22 7 10 28
11 1 15 16 2 7 12 19 17
12 15 12 9 20 23 25 28 6
13 9 28 1 14 5 12 8 6
14 27 30 5 19 29 10 21 17
15 21 5 8 24 12 23 22 29
16 28 6 30 25 1 15 29 22
17 26 3 20 29 27 16 15 28
18 23 16 14 1 18 8 20 21
19 14 2 4 11 7 24 27 12
20 27 13 12 8 19 24 9 1
21 19 30 0 16 20 21 17 26
22 30 31 4 24 22 19 29 15
23 16 2 18 31 24 0 5 29
0 22 23 3 10 18 24 29 27
1 8 19 29 13 31 14 6 1
2 24 26 23 1 30 28 8 16
3 26 13 28 31 27 19 22 8
4 6 22 1 29 4 15 10 20
5 9 30 16 6 22 24 26 18
6 9 29 7 30 17 20 24 25
7 6 21 10 0 30 8 15 11
8 26 14 31 29 9 28 13 10
9 25 15 2 4 7 0 23 1
10 7 3 9 26 2 13 30 15
11 0 31 11 21 29 5 3 14
12 3 19 11 30 24 17 31 26
13 9 28 14 26 0 2 13 11
14 12 16 31 7 9 23 10 4
15 28 10 18 17 25 9 31 19
16 26 17 18 19 2 12 7 0
17 25 23 8 28 10 4 0 11
18 26 4 19 25 3 28 11 20
19 28 9 30 20 12 14 5 2
20 25 31 26 23 10 8 17 29
21 6 9 24 10 2 11 5 23
22 7 5 1 11 8 26 12 9
23 25 11 1 26 17 8 14 5
0 11 8 24 10 14 29 31 12
1 8 19 13 3 24 1 21 4
2 26 31 24 30 21 27 7 23
3 5 13 4 14 20 26 31 28
4 1 18 13 22 4 30 21 9
5 30 16 9 15 24 7 18 26
6 9 29 17 7 30 8 1 20
7 6 10 21 2 0 15 30 11
8 28 13 26 22 9 14 30 31
9 4 25 2 15 7 14 28 20
10 9 7 29 15 5 3 26 13
11 0 21 11 25 31 15 3 5
12 3 19 24 26 11 27 16 17
13 9 28 14 0 31 26 1 5
14 12 10 16 23 9 5 19 31
15 7 10 2 18 12 5 24 28
16 26 28 25 30 27 20 1 6
17 26 19 3 20 0 29 27 11
18 1 14 23 16 3 18 21 20
19 14 2 4 12 11 24 27 15
20 27 13 12 8 24 25 1 19
21 19 16 0 20 26 30 17 21
22 30 4 24 19 15 31 8 29
23 16 18 5 2 31 24 0 1
0 22 24 27 3 10 23 12 29
1 8 19 13 29 31 2 14 6
2 24 26 23 28 1 30 22 10
3 26 27 31 13 28 2 6 22
4 1 22 29 4 27 6 3 15
5 16 30 7 9 24 26 23 19
6 9 7 30 17 29 8 20 1
7 6 15 11 9 2 0 21 12
8 26 9 14 2 29 18 30 31
9 4 25 2 31 29 15 14 23
10 13 1 7 15 24 23 2 18
11 0 21 11 5 14 31 29 8
12 11 3 17 22 30 19 21 24
13 9 3 11 26 28 2 14 13
14 12 9 4 31 0 16 23 7
15 13 25 9 31 10 14 30 17
16 7 3 25 19 2 18 26 31
17 4 8 23 0 28 18 10 25
18 17 2 19 31 28 25 3 27
19 20 28 5 9 15 14 30 13
20 0 17 23 26 25 31 20 29
21 2 5 25 9 19 13 23 1
22 20 26 19 9 25 30 16 31
23 1 26 8 10 6 23 5 21
0 17 6 9 13 31 0 25 1
1 8 19 25 13 30 28 20 27
2 26 18 24 28 25 4 29 7
3 30 0 21 2 6 7 5 18
4 18 26 12 7 8 16 4 14
5 8 20 12 24 13 29 21 15
6 21 2 19 5 14 6 13 16
7 17 16 4 25 14 13 3 28
8 8 0 25 15 29 9 5 26
9 17 21 8 20 22 27 9 24
10 6 27 22 11 31 4 28 17
11 16 17 7 20 6 27 13 9
12 0 28 18 6 13 16 20 7
13 21 20 16 15 7 24 8 10
14 28 11 20 6 15 26 17 18
15 29 3 23 20 11 8 15 0
16 14 4 23 8 25 10 20 6
17 21 15 22 6 20 27 16 12
18 31 13 5 23 8 12 22 20
19 1 18 6 29 19 24 13 22
20 15 28 6 1 16 13 20 8
21 25 21 8 4 13 31 18 19
22 13 3 21 19 15 24 31 9
23 27 12 18 16 31 0 19 10
0 3 23 27 24 10 12 22 18
1 8 19 13 29 31 14 2 1
2 24 26 1 5 17 30 22 28
3 26 13 27 8 31 12 24 2
4 5 1 3 12 28 15 22 27
5 30 22 26 24 18 11 8 16
6 30 25 12 0 17 24 29 9
7 12 24 6 9 11 0 26 21
8 29 26 9 14 31 0 8 5
9 28 29 12 14 31 0 25 9
10 30 26 13 17 1 6 24 3
11 31 8 22 29 14 20 19 5
12 11 4 30 22 17 18 26 3
13 30 13 28 2 3 11 15 26
14 7 20 31 9 0 2 29 16
15 9 27 13 10 31 25 28 0
16 8 2 9 3 7 15 19 31
17 23 11 28 4 25 16 24 20
18 27 12 4 2 25 8 5 3
19 13 20 1 5 10 7 14 30
20 20 7 8 17 0 16 11 29
21 31 23 30 1 2 5 9 17
22 9 25 22 29 28 20 12 26
23 21 1 10 23 22 16 12 2
0 16 30 5 8 4 31 25 0
1 8 19 1 13 20 30 21 25
2 28 26 5 18 24 17 31 0
3 2 16 1 30 12 24 3 13
4 26 15 11 12 14 5 18 30
5 8 13 24 4 29 11 20 3
6 12 27 21 5 15 16 20 1
7 16 13 29 28 4 14 17 7
8 8 4 7 10 6 29 17 5
9 17 6 21 29 20 8 22 27
10 6 17 11 10 27 28 13 30
11 19 20 16 17 25 23 4 13
12 7 26 28 6 16 0 2 18
13 30 28 15 24 21 6 10 20
14 29 17 6 21 10 28 19 20
15 27 0 3 30 11 29 12 8
16 15 9 22 30 14 1 6 8
17 13 11 16 28 20 15 24 17
18 15 8 27 23 5 12 20 10
19 13 10 7 25 14 6 29 24
20 9 20 0 7 16 2 1 8
21 29 30 31 17 2 26 4 19
22 25 9 31 22 29 21 28 11
23 6 2 10 21 16 23 18 31
0 16 19 22 3 23 29 14 30
1 8 19 13 31 14 1 6 3
2 26 5 30 1 24 27 28 17
3 2 13 16 29 3 26 1 20
4 31 3 16 11 20 9 29 15
5 14 16 24 8 26 30 3 17
6 20 12 21 7 31 29 25 17
7 27 23 29 0 26 28 1 25
8 26 20 5 22 9 13 8 3
9 20 7 11 15 26 16 9 22
10 10 13 15 28 5 19 11 17
11 25 23 4 20 12 30 13 24
12 26 2 16 1 6 7 29 19
13 28 6 19 31 24 10 15 14
14 10 21 6 19 17 16 23 26
15 2 0 12 24 5 27 26 10
16 15 31 22 23 30 1 9 26
17 28 11 18 16 13 24 20 14
18 17 15 30 31 8 5 27 12
19 31 28 15 30 25 26 20 13
20 0 17 18 23 9 1 8 11
21 5 2 25 29 9 13 4 24
22 26 20 19 31 9 28 3 11
23 6 1 8 10 26 16 2 23
0 25 4 17 31 16 7 21 6
1 8 19 3 13 20 1 30 25
2 22 26 18 24 11 28 5 1
3 2 0 30 16 17 25 29 21
4 30 31 11 21 7 17 1 9
5 8 7 31 24 25 17 13 21
6 21 20 6 12 11 16 13 14
7 28 16 29 3 27 1 23 10
8 1 5 3 8 17 9 13 10
9 7 6 30 16 17 20 26 11
10 10 27 28 6 17 11 19 5
11 25 4 20 17 13 23 16 12
12 23 26 16 6 9 1 29 0
13 28 6 19 24 10 31 15 14
14 17 21 10 6 19 5 30 26
15 12 5 21 0 24 8 2 29
16 22 30 1 15 9 6 14 31
17 11 16 17 24 12 20 29 15
18 8 12 30 20 9 27 23 5
19 25 13 7 10 4 15 14 24
20 7 1 18 20 16 28 19 24
21 31 30 23 21 26 17 19 1
22 9 22 25 21 29 28 31 19
23 21 2 10 16 23 18 6 31
0 21 28 0 2 26 31 7 5
1 8 13 19 25 1 23 4 11
2 5 26 22 20 24 31 1 6
3 1 2 16 10 18 20 30 19
4 3 21 10 27 26 2 19 12
5 31 28 0 24 27 8 6 7
6 4 23 26 21 20 30 16 12
7 29 13 26 16 10 14 27 4
8 29 6 3 9 28 1 8 5
9 28 30 12 6 29 26 17 9
10 25 10 21 5 19 6 17 28
11 19 25 15 23 12 20 13 27
12 23 26 9 16 7 1 2 29
13 30 28 1 6 10 24 31 14
14 21 17 30 19 5 10 6 29
15 5 24 0 27 12 8 21 6
16 28 30 15 1 9 6 22 20
17 11 5 16 20 24 29 12 26
18 23 8 16 20 1 14 27 18
19 2 7 4 11 14 24 23 27
20 12 1 13 9 27 16 24 7
21 30 26 0 16 19 17 21 2
22 22 31 24 29 15 8 28 4
23 16 18 2 31 0 24 5 20
0 31 2 30 19 25 27 22 0
1 8 19 13 14 31 29 6 2
2 24 26 23 1 28 31 5 6
3 27 26 28 8 2 1 13 31
4 6 14 28 8 3 10 26 23
5 4 30 19 24 14 17 0 27
6 1 9 24 30 25 26 20 0
7 30 5 0 21 10 6 13 2
8 28 26 9 14 31 20 18 30
9 15 0 25 4 2 7 11 26
10 13 16 5 3 9 26 21 28
11 0 31 23 22 18 24 25 13
12 24 19 30 3 26 27 31 11
13 31 0 28 2 10 13 14 17
14 12 16 23 10 7 9 5 31
15 10 18 28 6 17 0 25 22
16 12 17 0 26 18 15 25 8
17 25 11 31 9 26 23 5 13
18 4 9 25 19 16 20 10 12
19 0 2 3 9 14 27 12 13
20 11 24 9 8 29 27 30 7
21 14 15 24 27 6 4 1 19
22 30 27 31 6 0 12 4 22
23 13 17 9 7 29 20 30 4
0 31 11 6 5 16 14 8 9
1 8 19 13 16 10 2 24 1
2 24 26 23 1 11 5 27 28
3 26 28 1 13 27 8 31 12
4 1 22 2 9 29 6 28 13
5 14 30 16 6 4 9 26 3
6 1 29 17 9 7 24 30 20
7 30 10 0 11 9 21 24 6
8 26 14 9 13 28 5 31 20
9 15 7 11 25 14 2 0 26
10 13 5 9 16 26 15 24 1
11 0 5 31 11 22 24 23 29
12 3 30 17 11 19 24 26 22
13 0 26 2 3 11 31 28 13
14 9 12 31 16 0 4 23 7
15 25 10 31 9 13 18 14 17
16 17 2 19 26 7 18 3 12
17 25 23 4 8 28 10 2 7
18 4 26 25 19 9 27 15 7
19 0 9 21 28 12 10 2 5
20 25 11 10 30 8 31 14 9
21 10 6 24 28 14 15 4 20
22 16 5 1 14 7 30 18 12
23 25 11 17 14 28 30 3 15
0 11 14 8 24 29 12 10 3
1 8 19 13 16 17 1 0 2
2 26 24 23 11 30 27 29 19
3 28 26 13 31 4 29 27 5
4 9 22 13 1 29 18 16 23
5 16 4 30 14 19 26 27 10
6 29 7 9 17 31 1 30 20
7 30 10 0 23 24 21 11 26
8 26 13 9 20 14 5 28 31
9 15 7 26 11 25 14 20 9
10 5 15 13 28 10 24 16 9
11 0 23 25 11 24 5 13 22
12 3 19 24 17 26 11 30 16
13 0 28 31 26 3 11 2 14
14 4 23 9 16 12 31 21 0
15 14 13 25 10 31 9 0 6
16 19 7 26 3 2 31 15 18
17 4 2 0 28 8 23 18 11
18 17 2 31 28 3 30 25 27
19 28 20 5 15 12 9 30 13
20 0 26 17 23 20 11 10 31
21 5 25 9 2 16 1 19 13
22 20 26 25 9 8 19 31 28
23 1 26 8 10 6 23 21 5
0 6 17 9 5 31 1 13 0
1 8 19 30 25 13 20 28 27
2 18 26 28 15 24 8 25 4
3 30 0 21 2 22 6 7 5
4 18 26 12 7 8 16 25 14
5 8 20 24 23 13 15 12 4
6 21 2 19 15 5 6 13 12
7 17 16 3 25 14 4 13 28
8 8 15 0 17 7 25 9 29
9 17 21 18 8 20 9 22 6
10 6 4 22 27 11 17 7 28
11 17 20 7 16 13 6 27 9
12 20 0 28 6 18 16 13 1
13 8 21 20 24 15 28 10 31
14 8 11 14 28 6 27 5 13
15 23 29 3 11 8 21 5 0
16 14 29 6 20 22 4 9 15
17 11 15 21 6 12 17 16 27
18 13 8 31 20 23 12 18 5
19 29 24 7 4 11 13 14 10
20 16 1 12 13 9 7 15 24
21 26 25 30 0 17 21 14 16
22 22 29 24 15 31 8 21 9
23 16 2 18 31 0 27 5 10
0 27 22 19 31 3 24 23 10
1 8 19 13 31 14 29 3 6
2 24 1 26 30 27 28 5 23
3 26 27 8 13 31 4 12 21
4 29 6 25 1 20 17 22 31
5 22 16 30 18 24 9 26 15
6 16 29 7 31 17 24 9 20
7 10 30 0 25 21 24 6 23
8 26 28 9 13 20 14 5 31
9 15 7 25 26 20 22 11 28
10 5 13 9 15 16 28 24 10
11 0 11 5 25 22 23 24 31
12 3 19 24 17 20 11 30 26
13 0 28 26 2 3 14 11 13
14 12 16 9 23 4 31 0 10
15 10 18 25 14 28 6 30 31
16 26 17 19 2 7 28 3 31
17 3 0 11 25 19 23 4 13
18 3 26 1 4 25 16 14 20
19 12 2 21 28 11 5 14 20
20 25 12 1 31 13 23 8 21
21 16 26 24 17 19 5 0 14
22 8 29 4 24 26 15 28 31
23 16 5 1 18 31 24 2 26
0 11 31 14 8 10 29 24 12
1 8 19 13 18 1 21 6 11
2 26 24 11 30 2 19 1 27
3 26 13 31 4 28 23 5 29
4 1 13 22 9 29 18 20 5
5 16 22 30 17 18 7 3 24
6 7 31 29 9 16 17 30 20
7 10 0 30 23 25 26 24 11
8 26 13 9 28 14 20 5 24
9 15 7 26 25 20 22 9 11
10 5 13 15 28 10 24 16 9
11 0 25 11 5 23 24 22 13
12 3 19 24 17 11 20 26 30
13 0 28 26 3 11 2 14 31
14 4 9 23 16 31 0 12 8
15 13 25 14 30 10 31 9 6
16 7 26 19 3 2 31 15 18
17 0 4 8 28 2 23 18 11
18 17 2 31 28 30 25 3 27
19 28 20 5 15 12 9 30 13
20 0 26 17 23 11 20 29 10
21 5 2 9 25 1 13 6 23
22 20 26 9 8 12 25 31 19
23 1 26 8 10 6 21 23 5
0 6 17 9 5 31 1 13 0
1 8 19 30 13 20 25 28 3
2 18 28 26 15 8 24 4 25
3 30 0 2 9 21 22 6 23
4 18 26 12 7 25 8 16 14
5 8 20 23 24 13 15 29 19
6 21 2 16 6 19 5 13 15
7 16 17 3 25 4 14 13 28
8 8 7 0 15 17 11 25 9
9 17 21 18 8 20 24 6 9
10 6 4 22 27 31 11 7 3
11 17 7 20 6 2 13 16 9
12 28 20 0 6 18 16 13 8
13 8 21 20 25 28 24 10 15
14 11 28 8 14 6 27 13 5
15 23 29 3 8 11 21 22 0
16 29 14 20 6 23 4 22 30
17 15 11 21 27 6 17 12 16
18 23 13 20 8 31 18 12 5
19 24 29 7 4 11 14 13 19
20 16 1 12 13 9 24 28 7
21 25 26 0 30 21 17 14 5
22 22 29 24 31 15 26 8 21
23 16 18 2 31 0 27 24 10
0 17 4 15 31 25 6 9 21
1 8 19 13 25 30 3 20 28
2 18 26 28 15 24 5 0 20
3 2 22 0 30 9 21 16 3
4 18 21 12 27 7 19 26 30
5 8 20 24 19 23 13 15 29
6 21 6 16 13 19 15 5 2
7 17 16 3 25 13 4 14 10
8 11 8 7 17 0 15 6 9
9 17 18 21 30 8 9 6 7
10 4 6 22 27 28 11 7 17
11 2 20 17 7 13 27 16 19
12 20 28 0 6 18 16 1 8
13 8 21 24 28 20 15 25 31
14 11 8 28 14 6 5 27 21
15 23 29 21 3 8 11 5 22
16 29 14 6 22 9 20 15 30
17 11 16 15 17 12 24 21 20
18 8 13 23 20 18 12 5 27
19 29 7 24 4 11 13 14 2
20 16 1 12 9 13 7 24 15
21 30 26 0 17 16 21 19 14
22 22 24 31 29 15 21 8 9
23 2 16 18 31 0 24 5 10
0 21 28 26 2 0 31 7 5
1 8 13 19 25 1 23 4 11
2 5 26 22 20 24 0 31 1
3 1 2 16 18 20 10 23 12
4 21 19 3 27 10 2 26 12
5 18 24 22 8 11 27 28 30
6 23 4 21 16 15 13 30 24
7 13 16 29 3 14 26 10 17
8 17 6 8 11 3 29 7 28
9 28 30 17 18 6 29 26 11
10 4 17 25 6 28 22 21 10
11 19 15 23 2 25 20 13 27
12 23 20 26 1 9 28 16 6
13 30 28 6 24 1 8 31 21
14 21 17 5 30 6 10 19 27
15 5 24 27 6 21 0 8 23
16 28 30 9 15 1 6 14 29
17 11 5 24 16 20 29 12 26
18 16 23 1 27 8 14 20 18
19 2 7 4 11 14 23 27 24
20 12 27 13 1 7 9 24 16
21 30 16 26 0 19 17 21 12
22 31 22 24 15 29 8 28 4
23 16 18 31 2 0 24 5 20
0 27 23 30 3 16 29 12 18
1 8 19 13 31 29 14 2 3
2 24 30 26 1 23 5 28 27
3 26 13 28 31 27 29 2 16
4 31 9 16 1 29 20 25 6
5 19 16 18 4 30 26 24 9
6 7 31 9 29 17 20 16 30
7 0 26 30 25 23 10 21 6
8 26 9 20 13 14 5 31 29
9 15 7 22 20 25 26 11 2
10 13 15 5 28 10 24 3 18
11 25 22 13 11 23 24 5 0
12 3 19 24 26 20 16 2 17
13 28 0 14 10 19 6 31 24
14 23 4 10 21 19 16 6 9
15 14 10 2 25 0 6 13 12
16 26 19 31 7 3 15 2 9
17 2 28 0 4 8 18 10 11
18 30 17 31 2 28 15 27 12
19 28 20 30 10 12 5 15 13
20 0 23 26 17 20 21 15 28
21 5 25 2 9 23 31 1 29
22 26 20 19 9 25 3 28 8
23 8 6 1 10 23 26 21 16
0 4 25 31 17 7 20 6 2
1 8 19 3 13 30 20 1 25
2 22 26 18 28 20 0 24 8
3 2 30 0 19 22 3 10 16
4 30 31 11 7 9 4 18 21
5 8 23 15 24 5 17 19 31
6 11 21 16 6 20 27 12 22
7 3 28 23 16 27 1 13 10
8 1 13 28 5 8 9 4 31
9 26 7 16 15 30 9 11 17
10 10 28 27 17 5 15 19 3
11 23 25 13 4 27 20 19 12
12 23 29 16 1 26 20 9 10
13 28 6 24 19 31 10 15 23
14 21 19 17 10 30 5 6 26
15 5 24 12 26 21 0 27 8
16 22 15 30 1 9 6 14 29
17 11 24 12 16 17 20 28 29
18 12 8 26 20 27 5 23 18
19 13 7 10 14 29 15 25 24
20 7 16 20 18 24 0 21 3
21 31 30 23 1 17 26 19 12
22 9 22 25 29 28 3 21 31
23 10 21 23 2 22 16 18 24
0 16 21 27 14 0 3 22 23
1 8 19 13 1 31 14 3 25
2 26 1 24 30 27 28 5 11
3 13 2 16 29 20 23 26 5
4 31 9 11 20 29 30 23 1
5 3 16 27 24 0 30 26 8
6 31 20 0 26 7 21 16 29
7 27 1 26 23 0 18 7 6
8 26 13 20 9 24 5 22 31
9 7 15 22 16 11 26 25 9
10 16 15 28 13 10 19 3 24
11 13 24 25 4 23 12 11 22
12 26 9 16 29 24 23 1 10
13 28 23 19 10 6 24 31 14
14 21 19 5 23 10 30 4 29
15 26 2 5 12 24 10 0 14
16 31 1 30 22 15 9 6 19
17 29 24 12 2 13 14 20 16
18 30 12 8 23 20 15 5 18
19 25 11 4 14 30 7 13 18
20 18 13 28 7 1 12 9 23
21 4 21 26 19 0 30 2 17
22 21 29 31 24 15 19 11 22
23 2 16 18 31 0 10 6 24
0 21 28 7 0 26 2 31 15
1 8 19 13 25 14 3 4 30
2 5 22 26 24 1 31 18 28
3 2 16 1 18 4 20 10 22
4 31 21 30 2 3 15 12 10
5 31 28 7 8 25 24 3 2
6 21 23 26 14 20 4 6 16
7 16 14 26 13 27 29 3 15
8 17 6 1 11 26 8 28 9
9 28 30 6 7 9 16 15 22
10 5 13 28 25 10 15 19 17
11 22 19 12 23 13 24 15 25
12 4 26 23 9 29 2 16 7
13 28 30 23 6 24 14 12 31
14 5 19 21 10 30 4 23 29
15 5 24 12 27 21 2 6 10
16 1 9 28 15 30 16 22 3
17 17 9 13 29 14 28 16 11
18 27 8 17 18 12 20 14 5
19 13 20 18 10 7 17 28 15
20 20 26 0 7 9 23 17 1
21 29 2 31 5 4 25 10 30
22 20 25 9 26 31 29 28 19
23 10 6 21 1 8 23 16 27
0 25 4 31 17 2 15 6 30
1 8 3 19 13 1 20 30 23
2 22 26 8 18 24 17 28 5
3 2 0 22 16 30 14 11 1
4 30 31 14 11 2 7 23 12
5 10 13 21 8 24 19 3 18
6 21 28 23 20 1 6 9 0
7 3 28 22 12 0 7 27 15
8 6 26 9 8 28 13 17 31
9 9 30 22 29 16 7 15 25
10 5 13 10 19 15 22 28 27
11 22 12 25 13 4 1 23 24
12 25 12 26 16 9 2 23 29
13 25 28 24 6 5 19 17 14
14 5 19 24 30 10 21 27 29
15 21 5 12 24 2 20 10 8
16 25 1 30 22 6 31 9 15
17 29 17 14 20 1 13 11 18
18 17 12 8 20 21 30 18 5
19 3 25 4 15 7 14 11 13
20 18 13 9 12 28 1 19 8
21 21 26 0 14 30 19 17 18
22 19 21 0 24 29 4 15 31
23 2 19 16 18 31 9 0 5
0 30 16 0 8 14 19 29 27
1 8 19 13 31 1 29 14 15
2 24 26 1 30 4 29 7 5
3 13 26 28 31 1 2 4 23
4 31 29 23 1 15 7 20 9
5 0 22 16 10 24 19 13 6
6 7 29 9 31 17 20 28 16
7 0 26 6 18 30 24 23 11
8 26 13 24 20 31 9 28 5
9 7 15 26 25 9 22 20 29
10 13 5 15 28 24 18 16 10
11 22 11 5 24 13 25 14 12
12 3 19 17 24 11 30 4 26
13 26 28 11 0 3 23 2 14
14 4 9 23 8 0 31 16 5
15 13 25 14 31 9 10 2 20
16 19 7 3 2 26 31 25 15
17 4 2 18 28 8 0 23 11
18 17 31 15 2 30 28 27 26
19 28 20 15 30 13 5 12 10
20 0 26 11 17 23 20 7 21
21 5 25 2 9 6 31 1 13
22 26 20 9 19 25 31 3 4
23 1 8 10 6 26 21 23 16
0 17 6 9 13 0 31 25 1
1 8 25 19 13 30 28 27 20
2 18 26 25 24 4 28 29 7
3 30 21 0 6 2 7 5 18
4 26 18 12 7 8 16 4 14
5 8 12 20 24 13 29 21 22
6 21 19 2 5 14 16 6 13
7 17 16 25 4 13 14 3 28
8 8 25 15 0 29 9 5 7
9 17 21 20 8 22 24 9 27
10 6 27 22 11 31 4 28 17
11 16 17 7 20 6 27 9 13
12 0 28 18 6 13 16 20 29
13 21 16 7 15 20 8 24 10
14 28 11 20 6 15 26 18 17
15 3 29 23 15 20 11 8 0
16 14 4 8 23 20 10 25 6
17 22 15 21 6 27 20 16 30
18 31 13 5 12 8 22 23 24
19 1 18 6 29 19 24 22 13
20 15 6 28 1 16 13 20 21
21 25 21 8 4 22 13 31 18
22 13 21 3 15 19 24 9 29
23 27 18 12 16 31 0 10 4
0 13 17 0 28 9 31 30 25
1 8 25 19 13 28 21 22 20
2 26 18 24 4 25 0 7 20
3 30 2 21 0 7 6 12 15
4 7 8 12 16 18 4 17 31
5 8 20 22 12 24 11 4 10
6 19 2 14 21 10 5 11 12
7 17 14 4 18 13 25 16 28
8 15 29 0 8 25 9 5 7
9 17 21 24 16 20 5 0 8
10 6 11 31 22 27 23 21 14
11 9 7 17 6 10 20 16 28
12 0 18 14 28 6 13 22 8
13 16 7 20 21 22 8 15 25
14 18 28 11 20 15 24 25 6
15 15 23 3 29 8 20 11 2
16 14 4 23 8 10 20 25 6
17 26 6 21 22 15 30 20 27
18 22 31 13 24 5 0 23 6
19 1 3 22 18 19 6 29 24
20 15 6 28 21 3 16 1 2
21 25 22 8 21 13 11 31 19
22 13 3 21 15 19 4 12 24
23 27 4 12 16 18 31 19 20
0 13 17 28 31 9 30 0 25
1 8 19 25 13 28 21 20 27
2 26 18 24 25 4 0 7 20
3 30 2 0 7 21 6 24 12
4 7 8 12 18 16 31 4 17
5 8 20 22 12 24 11 10 13
6 10 19 21 2 14 5 12 6
7 17 4 16 25 13 28 14 3
8 0 8 25 29 15 9 7 5
9 17 20 21 16 27 24 5 22
10 6 22 11 27 31 17 4 23
11 16 7 17 20 9 6 13 30
12 18 0 13 6 28 16 29 22
13 7 21 16 20 15 8 24 10
14 20 28 11 18 6 15 17 24
15 23 29 3 8 20 15 11 2
16 23 14 4 8 20 10 25 6
17 15 22 21 27 6 20 14 16
18 31 13 5 22 23 12 8 24
19 1 18 6 29 19 24 13 3
20 6 15 28 16 1 8 21 13
21 25 21 13 22 8 4 18 31
22 13 21 3 19 15 4 24 31
23 27 4 18 12 16 31 0 19
0 7 5 26 28 22 25 19 31
1 8 19 13 14 31 3 25 29
2 1 26 24 5 22 30 19 0
3 24 12 16 4 2 1 26 18
4 12 30 21 31 5 3 27 10
5 22 11 8 30 24 18 20 27
6 12 23 21 10 0 4 15 27
7 16 15 14 4 17 13 5 29
8 6 8 17 30 4 7 9 0
9 28 6 5 21 17 27 20 30
10 25 17 6 8 11 0 5 3
11 20 19 15 12 17 7 9 30
12 15 18 28 0 12 26 7 6
13 12 28 1 21 7 24 31 15
14 10 1 20 15 5 6 28 21
15 2 19 27 12 8 10 3 24
16 28 16 30 14 1 10 15 22
17 19 18 29 14 20 13 22 16
18 14 21 16 18 1 5 8 6
19 2 4 14 27 15 9 11 3
20 19 13 27 12 26 1 24 9
21 30 16 19 0 13 21 17 23
22 31 4 24 15 19 22 29 9
23 16 2 18 31 5 0 24 10
0 19 27 31 3 10 22 23 24
1 8 19 13 3 6 31 29 14
2 26 24 30 16 19 15 23 6
3 29 12 4 24 16 26 31 2
4 27 15 1 20 3 29 22 6
5 9 6 8 24 16 3 30 22
6 12 23 20 31 21 7 27 9
7 16 25 15 23 4 0 26 13
8 26 9 13 8 17 20 7 5
9 20 27 7 17 21 5 6 15
10 25 28 17 19 10 11 6 13
11 24 12 25 20 30 19 13 4
12 26 16 6 12 29 19 31 18
13 12 28 31 24 6 15 14 19
14 20 10 1 29 21 5 6 19
15 2 27 12 19 10 24 0 14
16 7 3 26 19 15 9 2 31
17 18 20 21 4 14 28 16 19
18 31 17 5 10 8 18 2 21
19 18 15 20 28 30 6 5 13
20 15 0 28 26 17 21 1 20
21 2 5 25 23 9 21 4 19
22 19 26 20 3 9 21 12 31
23 27 6 8 12 10 16 1 26
0 6 17 9 5 1 31 13 0
1 8 19 30 13 25 20 28 27
2 26 18 15 24 28 17 16 20
3 30 2 12 0 24 21 6 29
4 26 12 18 16 7 25 8 4
5 8 20 24 15 21 29 9 13
6 2 21 12 15 27 5 28 19
7 16 14 17 25 4 28 3 13
8 8 0 7 17 15 9 25 21
9 17 21 27 20 6 5 18 9
10 6 11 17 27 22 25 28 10
11 16 7 17 20 9 19 13 30
12 18 28 13 0 6 16 7 29
13 15 20 21 24 28 8 31 4
14 20 28 6 11 21 17 29 10
15 27 29 11 3 8 23 20 0
16 14 4 9 8 15 6 10 22
17 20 21 15 16 22 27 6 18
18 31 5 13 23 8 18 12 20
19 18 6 29 19 4 24 13 15
20 15 28 13 1 6 8 12 16
21 25 21 4 2 17 0 19 18
22 21 19 3 15 11 31 24 9
23 27 18 16 31 0 12 2 19
0 25 17 4 21 16 15 19 6
1 8 19 13 3 1 30 20 25
2 26 5 30 18 1 24 22 28
3 2 16 12 0 4 24 29 5
4 31 21 30 15 12 14 11 27
5 8 22 24 21 11 18 3 15
6 21 15 12 23 20 10 27 0
7 16 28 25 14 3 4 17 15
8 6 17 8 7 21 9 5 0
9 27 30 16 17 6 11 21 22
10 17 28 11 6 13 27 19 10
11 12 7 16 20 17 4 24 13
12 12 16 25 26 7 9 6 28
13 28 14 24 6 31 21 15 19
14 20 10 1 29 21 30 5 19
15 2 5 27 12 24 21 11 20
16 30 22 9 1 14 6 15 31
17 20 14 11 21 18 24 16 29
18 12 18 5 30 8 23 17 27
19 18 13 14 25 7 15 4 10
20 7 15 16 28 20 24 1 0
21 31 30 29 21 17 2 19 26
22 9 25 21 22 28 19 29 31
23 21 10 16 2 23 27 6 18
0 3 23 27 24 10 12 22 18
1 8 19 13 29 14 31 2 1
2 24 26 1 5 17 22 10 30
3 26 27 8 13 31 12 2 3
4 5 1 28 3 15 22 12 27
5 30 26 22 18 27 3 24 16
6 30 25 9 17 24 0 29 28
7 12 24 9 6 11 0 21 8
8 29 26 9 14 5 0 8 27
9 28 29 14 12 9 25 23 31
10 30 13 26 1 24 17 3 16
11 31 22 8 29 14 5 3 30
12 4 11 30 22 17 3 19 18
13 30 13 11 3 2 26 28 14
14 7 20 31 9 0 2 16 1
15 13 9 27 31 25 10 18 28
16 8 2 3 9 7 25 31 19
17 11 23 4 20 25 28 18 24
18 27 12 2 4 17 25 8 3
19 13 20 5 14 1 10 7 15
20 7 20 0 11 16 17 29 8
21 31 23 30 2 19 9 17 5
22 9 25 22 28 26 20 30 29
23 23 1 10 21 22 16 26 12
0 16 30 5 8 4 31 25 0
1 8 19 1 13 20 30 21 25
2 28 26 5 18 31 24 17 1
3 2 30 1 16 3 13 12 0
4 15 26 14 11 5 12 30 31
5 3 13 8 24 4 29 10 5
6 21 27 5 1 12 16 15 20
7 13 16 28 29 7 27 14 17
8 6 4 7 21 8 10 17 9
9 27 6 9 16 17 8 21 30
10 17 28 13 10 19 27 6 15
11 12 19 4 23 24 30 16 25
12 12 26 7 1 16 25 6 23
13 30 28 14 6 19 9 31 24
14 29 1 20 10 21 19 30 5
15 27 12 5 24 20 21 30 2
16 30 1 22 9 6 15 31 14
17 20 11 18 24 16 28 14 29
18 12 15 27 8 17 5 30 23
19 14 13 7 10 15 25 29 4
20 7 9 16 20 0 24 1 2
21 31 29 30 2 19 17 26 23
22 25 9 22 28 31 29 30 19
23 2 21 10 6 23 16 18 22
